1 wall 0.81782883406 99
3 sky 0.497371213583 2
4 floor 0.769136760484 93
5 tree 0.474672078265 2
6 ceiling 0.769058516608 59
8 bed 0.0 3
9 windowpane 0.65293966141 47
10 grass 0.0 1
11 cabinet 0.723848431442 64
13 person 0.372370214886 5
14 earth 0.891460090027 1
15 door 0.500393334204 56
16 table 0.194165493611 11
18 plant 0.447925031577 19
19 curtain 0.745938742217 39
20 chair 0.312477633878 14
22 water 0.731403567822 1
23 painting 0.509874214831 22
24 sofa 0.0 1
25 shelf 0.243148472106 28
28 mirror 0.750258885045 59
29 rug 0.559310646659 11
32 seat 0.0 1
33 fence 0.0 1
35 rock 0.0 1
36 wardrobe 0.489988468861 2
37 lamp 0.142140055344 8
38 bathtub 0.704933439544 64
39 railing 0.0 4
42 box 0.172404890156 23
43 column 0.485796551074 3
44 signboard 0.268495742668 2
45 chest 0.768642997363 2
46 counter 0.0 2
48 sink 0.659291115993 82
54 stairs 0.289394726213 3
58 pillow 0.0 1
59 screen 0.730700511876 28
60 stairway 0.0 1
64 blind 0.865428174329 7
65 coffee 0.0 1
66 toilet 0.764453406669 52
67 flower 0.414269320035 18
68 book 0.0 4
69 hill 0.923859914336 1
70 bench 0.0 2
71 countertop 0.506483787135 51
72 stove 0.0 1
82 towel 0.582427450479 67
83 light 0.370005384788 22
86 chandelier 0.283225311868 3
88 streetlight 0.0 1
90 television 0.82537174255 2
93 apparel 0.0 1
96 bannister 0.0 2
97 escalator 0.0 1
99 bottle 0.119860045264 30
101 poster 0.0 1
105 fountain 0.683135646125 1
109 plaything 0.0 1
111 stool 0.341303138784 3
113 basket 0.363646217988 17
116 bag 0.305512751244 6
120 ball 0.490114959361 1
122 step 0.165618792671 10
123 tank 0.0 1
126 pot 0.330412429058 14
133 sculpture 0.0 3
135 sconce 0.367442286437 36
136 vase 0.191701889074 29
138 tray 0.00291375291375 8
139 ashcan 0.233279939618 13
140 fan 0.0 2
143 plate 0.0050577053632 4
144 monitor 0.0 1
145 bulletin 0.0 1
146 shower 0.086778405359 18
147 radiator 0.511648820115 5
148 glass 0.0582398903867 13
149 clock 0.0 4
150 flag 0.0 1
